Frameno_fix,lineno_fix,Tokenname_fix,tokens_id,gaze_X_fix,gaze_Y_fix,timestamp_fix_start,timestamp_fix_end,time_duration
100,0,blank,0,66.30486,-52.2535,3079,3252,173
100,0,blank,0,67.44398,-51.67354,3252,3428,176
100,0,blank,0,66.7712,-57.1854,3428,3463,35
100,0,blank,0,279.415825,85.002475,3498,3638,140
100,0,blank,0,566.48086,28.87366,3674,3857,183
100,0,blank,0,582.83174,10.9402,3857,4037,180
100,0,blank,0,494.4582,14.6111,4037,4143,106
100,0,blank,0,169.57136,16.17718,4178,4358,180
100,1,Program,4,78.87648,15.64,4358,4538,180
100,1,to,5,147.67306,17.5354,4538,4715,177
100,1,whether,7,282.35994,17.02298,4715,4892,177
100,1,given,9,368.41584,15.27112,4892,5068,176
100,1,Number,13,449.3238,11.9021,5068,5240,172
100,1,is,11,477.96556,13.78738,5240,5411,171
100,1,Perfect,12,555.4942,4.15196,5411,5600,189
100,0,blank,0,577.23666,-0.83734,5600,5782,182
100,0,blank,0,571.7136,2.4792,5782,5963,181
100,0,blank,0,574.512,-1.86040000000001,5963,6037,74
100,0,blank,0,289.78626,-0.132100000000003,6074,6261,187
100,1,Program,4,130.6888,10.41756,6299,6487,188
100,1,Check,6,186.98432,14.4491,6487,6676,189
100,1,whether,7,293.27714,12.01418,6676,6869,193
100,1,given,9,360.54194,21.92808,6869,7050,181
100,0,blank,0,336.440633333333,38.9322333333333,7050,7162,112
100,6,rem,31,131.60616,121.79358,7200,7382,182
100,7,"%d",41,126.43422,143.42632,7382,7563,181
100,7,(,40,100.32458,154.78216,7563,7750,187
100,6,int,28,61.04572,132.55706,7750,7945,195
100,0,blank,0,41.0843,166.08895,7945,8029,84
100,0,blank,0,-350,-105,8070,8175,105
100,4,int,23,26.14022,76.53696,8369,8552,183
100,4,int,23,9.13080000000001,85.0447,8552,8706,154
100,0,blank,0,33.7578333333333,113.523366666667,8706,8879,173
100,6,int,28,44.50898,119.75602,8879,9068,189
100,6,n,29,83.83974,131.23622,9068,9256,188
100,0,blank,0,108.93898,130.8485,9256,9433,177
100,0,blank,0,104.87168,134.83036,9433,9612,179
100,7,scanf,39,81.11706,142.48464,9612,9801,189
100,0,blank,0,81.36454,161.09078,9801,9989,188
100,0,blank,0,131.414366666667,169.355066666667,9989,10101,112
100,0,blank,0,-350,-105,10175,10371,196
100,0,blank,0,-350,-105,10371,10398,27
100,7,(,40,95.78218,135.38932,10545,10741,196
100,7,(,40,102.90298,145.94256,10741,10940,199
100,7,(,40,99.8698,142.25274,10940,11136,196
100,7,"%d",41,105.8941,140.91372,11136,11322,186
100,0,blank,0,112.59166,134.13068,11322,11510,188
100,0,blank,0,110.51924,134.24542,11510,11705,195
100,7,"%d",41,110.7953,135.68214,11705,11903,198
100,6,comma,36,148.68432,129.54402,11903,12095,192
100,6,s,33,169.05498,132.15868,12095,12283,188
100,6,=,34,184.21542,125.22644,12283,12461,178
100,0,blank,0,200.85662,122.24984,12461,12643,182
100,0,blank,0,197.72352,121.61214,12643,12819,176
100,7,comma,42,150.18706,155.7912,12819,12999,180
100,8,=,50,113.27908,171.0867,12999,13180,181
100,8,1,58,135.70004,177.75934,13180,13361,181
100,0,blank,0,182.27674,180.99798,13361,13545,184
100,0,blank,0,201.20376,181.04344,13545,13730,185
100,0,blank,0,224.872533333333,180.2164,13730,13849,119
100,0,blank,0,266.8323,188.7435,13849,13946,97
100,0,blank,0,180.694,195.7672,14196,14250,54
100,11,rem,73,101.16034,229.5897,14340,14517,177
100,11,if,71,56.97986,230.10252,14517,14704,187
100,11,rem,73,90.0584,230.410766666667,14704,14815,111
100,11,==,74,141.4918,228.6092,14815,14996,181
100,10,=,66,128.2542,219.45228,14996,15175,179
100,8,(,55,86.21922,162.38544,15175,15356,181
100,8,for,47,60.6006,161.29862,15356,15539,183
100,8,for,47,50.02312,164.82958,15539,15719,180
100,8,for,47,44.64916,160.34716,15719,15901,182
100,0,blank,0,82.61598,160.11146,15901,16085,184
100,8,i,61,98.0115,164.81788,16085,16270,185
100,8,(,55,90.13056,158.71188,16270,16450,180
100,0,blank,0,126.18864,157.10144,16450,16634,184
100,8,1,58,137.27114,160.33506,16634,16814,180
100,7,"%d",41,129.72826,153.19928,16814,16997,183
100,7,"%d",41,116.15802,148.22388,16997,17177,180
100,0,blank,0,93.68144,160.97792,17177,17364,187
100,0,blank,0,108.26028,173.2895,17364,17547,183
100,8,=,50,113.93554,177.99936,17547,17728,181
100,8,1,58,134.45556,177.72202,17728,17912,184
100,0,blank,0,150.79534,181.07792,17912,18097,185
100,8,=,50,121.68486,175.45904,18097,18282,185
100,0,blank,0,131.70732,182.6647,18282,18463,181
100,0,blank,0,149.90024,186.89458,18463,18647,184
100,0,blank,0,174.7697,185.0398,18647,18829,182
100,0,blank,0,194.923475,195.499475,18829,18978,149
100,0,blank,0,-350,-105,19014,19127,113
100,0,blank,0,91.7365,189.0137,19153,19210,57
100,0,blank,0,110.6024,181.78244,19322,19497,175
100,0,blank,0,148.35684,182.9544,19497,19683,186
100,0,blank,0,175.80338,181.56688,19683,19865,182
100,0,blank,0,193.0629,182.8179,19865,20043,178
100,0,blank,0,178.81426,184.93538,20043,20222,179
100,0,blank,0,162.15794,184.05826,20222,20398,176
100,0,blank,0,179.86624,176.5616,20398,20573,175
100,0,blank,0,182.02664,180.93518,20573,20746,173
100,8,n,56,231.74,175.1751,20746,20920,174
100,8,(,55,215.95614,175.96798,20920,21094,174
100,0,blank,0,157.84056,179.50392,21094,21272,178
100,0,blank,0,162.02674,182.43692,21272,21446,174
100,0,blank,0,163.97632,179.28416,21446,21624,178
100,0,blank,0,145.36452,181.38464,21624,21803,179
100,0,blank,0,124.7281,183.54678,21803,21976,173
100,0,blank,0,105.839,183.65878,21976,22153,177
100,0,blank,0,101.601,184.2271,22153,22189,36
100,0,blank,0,260.4593,180.78728,22226,22418,192
100,0,blank,0,250.621,181.083733333333,22418,22530,112
100,11,rem,73,100.55052,232.6213,22566,22746,180
100,0,blank,0,83.69206,232.61966,22746,22939,193
100,11,==,74,123.5587,230.6464,22939,23120,181
100,11,==,74,128.53556,228.62678,23120,23293,173
100,11,rem,73,111.88644,232.53344,23293,23468,175
100,11,(,72,75.70052,235.52408,23468,23642,174
100,11,(,72,77.2942,235.4033,23642,23677,35
100,0,blank,0,-350,-105,23713,23830,117
100,0,blank,0,119.27,218.0858,23874,23918,44
100,11,==,74,139.9134,223.6862,24043,24234,191
100,0,blank,0,77.76972,249.08242,24234,24416,182
100,0,blank,0,121.50268,230.09838,24416,24593,177
100,11,==,74,133.99626,225.1338,24593,24767,174
100,11,==,74,140.89004,227.7684,24767,24945,178
100,11,==,74,144.47288,228.7132,24945,25122,177
100,11,rem,73,107.65786,235.93934,25122,25295,173
100,0,blank,0,82.71398,245.95646,25295,25473,178
100,11,==,74,125.17698,234.01522,25473,25658,185
100,11,==,74,137.67516,224.8473,25658,25842,184
100,11,==,74,141.73428,232.07732,25842,26021,179
100,0,blank,0,107.30588,256.09206,26021,26199,178
100,11,(,72,82.9069,233.05146,26199,26377,178
100,0,blank,0,117.0294,294.68488,26377,26555,178
100,0,blank,0,143.54672,299.30238,26555,26737,182
100,0,blank,0,160.68468,299.51618,26737,26918,181
100,0,blank,0,151.80254,309.33828,26918,27101,183
100,0,blank,0,81.10114,363.43334,27101,27281,180
100,17,printf,92,88.25354,364.6198,27281,27462,181
100,17,printf,92,98.130625,369.812575,27462,27606,144
100,0,blank,0,219.2172,379.71474,27646,27837,191
100,0,blank,0,232.77575,396.85445,27837,28010,173
100,19,"EnteredNumberisnotaperfect",100,194.16504,411.9415,28010,28192,182
100,19,"EnteredNumberisnotaperfect",100,192.90765,408.507125,28192,28337,145
100,19,"EnteredNumberisnotaperfect",100,319.33586,410.95002,28374,28566,192
100,0,blank,0,313.7968,425.33952,28566,28750,184
100,0,blank,0,274.32476,435.24858,28750,28939,189
100,0,blank,0,96.893675,463.2379,28977,29135,158
100,0,blank,0,508.039225,57.7566,29313,29454,141
100,0,blank,0,675.5312,-2.29394,29491,29681,190
100,0,blank,0,573.54218,24.1772,29681,29866,185
100,1,Perfect,12,566.582166666667,19.2687666666667,29866,29974,108
100,0,blank,0,771.129,-13.83716,30010,30195,185
100,0,blank,0,802.7562,-14.0494,30195,30378,183
100,0,blank,0,789.48075,-27.3167,30378,30549,171
100,0,blank,0,716.83,-13.440175,30549,30716,167
100,0,blank,0,700.379825,-17.267625,30716,30872,156
100,1,*,14,663.17525,7.0385,30872,31039,167
100,0,blank,0,873.0062,-58.21348,31075,31267,192
100,0,blank,0,835.758,-58.667575,31267,31441,174
100,0,blank,0,844.356,-64.2318,31441,31479,38
100,0,blank,0,949.3724,-35.51954,31517,31705,188
100,0,blank,0,863.66975,687.0216,31779,31929,150
100,0,blank,0,610.55876,772.71592,31968,32155,187
100,0,blank,0,606.6377,758.2355,32155,32191,36
100,0,blank,0,-18.1864,730.6277,32268,32343,75
100,0,blank,0,-216.9184,90.2699,32459,32499,40
100,0,blank,0,-250.996225,-11.664325,32538,32701,163
100,0,blank,0,-330.18684,-37.46282,32701,32891,190
100,0,blank,0,-341.47248,-9.95136,32891,33075,184
100,0,blank,0,-318.94105,-1.3506,33075,33146,71
100,0,blank,0,428.321475,72.3297,33219,33374,155
100,0,blank,0,517.421325,-103.783175,33448,33638,190
100,0,blank,0,516.8391,-103.7797,33638,33679,41
100,0,blank,0,-350,-105,33713,33866,153
100,0,blank,0,-350,-105,33866,34001,135
